200 200 200 400 
200 200 200 400 
200 200 200 400 
200 200 200 400 
200 200 200 400 
200 200 200 400 
200 200 200 400 
200 200 200 400 
200 200 200 400 
200 200 200 400 
200 200 200 400 
200 200 200 400 
200 200 200 400 
200 200 200 400 
200 200 200 400 
200 200 200 400 
200 200 200 400 
200 200 200 400 
200 200 200 400 
200 200 200 400 
200 200 200 400 
200 200 200 400 
200 200 200 400 
200 200 200 400 
200 200 200 400 
200 200 200 400 
200 200 200 400 
200 200 200 400 
200 200 200 400 
200 200 200 400 
