22
32
24
22
7
22
34
24
20
24
16
24
26
26
27
34
20
11
9
18
25
39
28
16
25
11
19
19
14
22
22
26
23
17
26
28
17
40
34
28
29
35
18
34
34
30
17
29
27
27
28
41
17
34
0
31
31
22
32
27
30
29
35
28
36
42
19
24
22
40
29
29
25
30
22
21
15
37
34
18
32
20
16
31
35
15
34
20
40
28
28
33
10
6
30
10
34
41
17
17
36
17
12
37
27
24
0
30
0
38
25
42
25
31
26
29
14
44
15
32
33
10
26
17
26
31
23
11
13
34
27
33
13
23
13
6
21
28
14
25
19
33
32
36
21
16
20
24
28
42
34
23
17
36
32
24
36
16
33
18
29
20
34
12
27
24
12
29
0
31
29
38
32
15
29
20
35
25
29
25
20
16
22
47
21
32
41
42
33
36
17
30
18
38
25
46
16
19
39
20
16
23
22
32
26
10
34
57
29
35
59
33
27
47
17
44
27
24
29
28
23
33
15
32
46
43
27
28
44
14
27
28
37
32
29
28
25
42
25
46
34
30
38
13
26
20
28
33
30
44
43
14
14
19
17
26
45
44
33
20
15
19
30
25
18
29
15
35
28
0
19
19
19
19
12
16
30
31
27
11
26
18
12
26
23
21
21
31
35
24
43
18
11
32
28
33
27
30
18
30
32
24
16
17
22
9
32
15
26
27
27
31
15
15
31
29
29
29
40
20
29
40
24
13
26
27
26
27
23
28
26
22
22
15
9
25
42
17
9
29
35
24
13
0
32
31
31
25
24
16
16
24
34
14
19
21
16
27
18
10
13
9
17
21
29
23
18
15
0
9
18
19
23
7
12
12
13
13
21
14
16
31
20
15
15
8
26
11
22
19
9
10
14
15
23
25
14
31
27
22
24
25
21
16
18
19
19
12
7
13
11
31
18
22
17
7
21
13
20
24
19
21
13
26
20
10
24
19
17
10
9
20
29
14
12
11
26
13
15
6
9
19
7
4
18
22
22
19
29
21
24
10
25
18
18
21
30
55
7
19
24
18
30
36
27
27
31
31
0
31
29
39
34
16
35
25
15
15
21
23
30
13
12
25
22
26
33
27
27
31
11
24
20
21
8
13
21
9
23
30
9
16
29
21
17
22
20
11
33
41
28
22
11
21
8
23
28
31
32
16
24
21
27
21
10
4
30
25
16
22
24
34
24
19
17
21
25
25
24
25
16
18
9
23
9
20
24
26
27
12
21
29
17
28
16
10
22
22
16
7
21
35
22
13
6
24
25
25
21
8
24
10
19
8
13
20
27
20
23
23
19
16
17
12
38
24
28
24
16
24
15
33
26
24
20
11
28
25
12
10
20
19
4
7
9
16
24
23
22
22
18
14
17
11
17
15
30
11
11
6
21
29
15
28
20
9
13
24
6
8
4
13
16
9
18
17
26
30
19
35
48
49
50
51
46
21
49
46
49
52
49
27
36
51
54
54
25
50
53
26
47
25
25
46
52
43
54
47
39
44
46
42
50
47
52
49
52
51
49
49
48
0
43
26
21
48
22
31
10
32
19
25
24
27
0
26
36
38
37
29
32
31
29
12
35
17
23
32
15
20
9
35
32
24
33
40
17
35
37
24
10
24
10
31
26
13
16
25
25
32
24
24
28
30
26
25
21
31
27
22
14
38
33
14
26
28
25
15
22
26
22
22
27
22
20
19
45
43
39
41
41
44
38
16
15
39
35
32
16
22
34
36
29
33
13
36
37
36
18
21
29
34
30
26
26
18
14
28
25
27
34
14
24
13
15
21
16
35
28
31
26
22
33
33
14
27
30
12
31
21
29
34
17
22
25
29
21
34
24
35
11
20
32
14
32
28
30
23
33
26
29
35
34
13
34
24
24
15
28
24
12
36
19
33
27
24
32
35
35
18
22
31
22
23
28
22
29
19
21
9
18
17
21
16
24
18
26
10
32
20
22
17
23
35
20
25
43
19
0
44
32
34
32
28
32
33
28
13
26
23
20
37
40
35
20
20
44
32
26
32
35
35
26
22
24
28
13
25
32
10
0
25
12
18
27
5
13
26
21
12
22
42
21
21
16
27
22
26
17
0
19
19
26
21
28
0
20
42
32
20
37
25
30
8
9
19
26
24
26
22
10
33
21
25
18
24
22
17
9
18
10
31
9
17
16
24
34
31
13
19
22
22
20
11
14
22
19
18
14
9
16
31
17
22
16
10
21
9
28
16
14
23
16
21
17
15
42
44
38
39
34
11
29
13
27
22
30
12
26
20
27
39
19
24
23
28
27
28
26
33
13
24
17
0
22
24
26
27
22
23
12
17
14
19
19
23
38
20
21
7
19
26
12
10
17
24
23
22
17
17
17
11
13
15
22
16
14
38
17
29
22
32
12
22
24
0
29
22
15
26
9
30
24
24
15
21
25
17
30
16
19
17
24
11
13
21
24
11
16
23
23
17
12
11
19
24
18
12
16
0
13
31
19
19
17
19
19
7
23
13
15
8
30
18
13
17
28
33
32
11
17
28
33
23
7
27
24
21
13
12
17
38
23
13
39
29
8
9
25
21
15
20
16
27
27
15
33
27
24
27
22
22
18
26
35
21
26
12
15
23
25
33
25
22
9
14
20
24
18
21
21
14
17
17
26
25
26
29
7
18
31
26
24
26
31
12
24
22
14
11
18
13
23
13
17
16
27
32
18
16
28
17
21
17
19
17
13
22
21
22
13
16
15
26
20
18
17
17
20
18
12
12
18
5
21
20
24
10
26
13
25
11
19
26
14
20
35
35
9
27
7
18
14
21
21
22
14
17
28
15
25
31
13
23
18
21
26
9
37
19
23
13
26
19
21
10
26
26
10
16
33
29
8
26
17
29
24
24
27
30
13
37
10
28
17
22
29
17
17
20
26
16
18
27
13
28
30
13
18
22
23
35
27
28
20
21
23
32
25
23
27
40
0
32
27
27
27
18
31
7
31
15
36
27
29
27
28
26
15
18
25
17
15
20
7
17
22
20
7
21
15
0
5
21
22
26
20
17
10
8
21
26
12
13
6
19
30
21
41
30
21
25
26
25
17
18
26
20
29
22
13
17
23
38
12
32
28
31
28
17
8
26
28
38
18
24
25
23
7
9
12
22
22
24
28
25
21
8
21
26
29
14
11
18
25
31
30
16
28
25
20
20
21
14
16
16
10
39
28
23
12
0
9
31
0
24
27
24
14
20
15
37
11
11
21
19
31
0
30
10
